0 0 0.059276734 7.9611945 5.431006 0.0028351352 -0.28027907 -0.10350466
1 193 -0.051792298 7.939939 5.4337006 -0.0015337418 -0.33633098 -0.18773922
2 354 0.08113129 7.980355 4.341572 -0.03697109 -0.3055609 -0.25973472
3 466 0.026644593 8.099657 5.04436 0.12271047 -0.29754 -0.08623576
4 604 0.19609222 7.6429563 5.2539244 0.015185585 -0.20650253 -0.22532454
5 736 -0.07544312 8.027657 5.387297 -0.01835553 -0.2822997 -0.15532985
6 865 -0.06346802 7.946525 5.547913 -0.013734633 -0.24565029 -0.09470119
7 980 0.24474105 7.91045 5.276677 -0.009868801 -0.20273885 -0.1594172
8 1081 -0.11256592 7.3470216 5.6015015 0.15027206 -0.27137065 -0.17253657
9 1207 0.09520203 6.678961 4.793482 0.5411519 -0.40013704 -0.4485596
10 1306 -2.1547692 6.272257 4.149521 0.025902295 -0.09106193 -0.89776194
11 1416 -2.5065377 3.9812708 9.6775255 0.35215992 -1.1099287 0.16113016
12 1515 -2.107318 2.7137067 12.10383 -0.7739923 0.3342596 1.0812714
13 1624 -0.49936157 3.9281313 10.707684 -0.48535284 0.06278124 1.4709222
14 1724 3.1939082 4.3704615 3.7703595 0.036541127 -0.98861444 0.008033896
15 1825 2.5649161 7.716304 3.1084359 1.006198 -1.2815349 -0.506893
16 1951 -0.022303618 7.5669146 7.595505 -0.5710343 -0.17179652 -1.6211096
17 2089 -0.4761598 6.513705 6.3897624 -0.1263358 -0.5233601 -1.3337064
18 2189 0.64545774 7.285051 6.151009 -0.5106891 -0.3154355 0.32187256
19 2320 1.2832814 5.6477556 8.491841 0.07394999 -0.010891628 0.18865418
20 2438 2.305356 4.7848 8.935369 -0.12902728 -0.53401595 1.180351
21 2573 2.9380903 7.568711 4.728517 0.041958548 -0.9359838 -0.14109917
22 2695 0.45026368 9.122779 -0.1778302 -0.4196084 -0.20671101 -2.7801628
23 2802 -0.3248245 8.69916 3.6166291 0.06578171 0.118004516 -0.13930623
24 2903 -1.2338841 7.336394 2.0555255 -0.32438296 -0.64265394 0.8145935
25 3005 -1.2826827 5.8448954 4.6764255 -0.36372378 -0.8041552 0.6506046
26 3129 -3.8685553 2.073638 7.912845 0.055496763 -0.39337808 -0.49549896
27 3230 -6.1213703 -3.3193474 8.66548 -0.078209445 -0.6116227 0.7700961
28 3331 -6.687044 -1.2787907 8.557704 0.12146149 0.6685189 1.260998
29 3452 -8.119415 -0.28171417 6.2550426 -0.6707305 -1.5029299 2.6187203
30 3577 -3.7892203 6.183641 0.5292993 -0.49569273 -0.9291345 -1.7990634
31 3701 -8.660241 -5.8170533 7.9185333 -0.51000565 -1.6984504 -0.6233831
32 3828 -8.129745 -5.8685465 5.8486376 -2.80664 2.3390393 3.1396427
33 3928 -2.7831624 -0.09984238 12.102483 -1.7235867 -0.40182385 2.589234
34 4027 3.6001635 8.154143 7.912396 -0.8925807 -2.5217679 0.7467452
35 4128 6.0447297 8.671468 1.5232325 -0.077405475 -1.251497 0.9377936
36 4235 1.4874568 4.6668453 1.1111394 0.66144305 -3.083086 -3.9894023
37 4335 -4.0811133 -3.6161802 11.393108 -0.4319808 -3.1455867 1.5197926
38 4438 -4.282744 -2.1251307 8.727601 -0.18062933 0.6862442 1.8588539
39 4564 0.57480466 2.2730231 9.661808 -1.28853 0.061510522 0.53513134
40 4701 4.058211 4.2939706 7.159013 -0.030665731 -1.1429923 0.85198784
41 4814 6.24187 4.952002 1.9736458 1.4799305 0.6147994 -0.4317929
42 4965 4.6801677 3.6368372 5.4636383 0.28022867 -0.94795895 -0.43470407
43 5087 5.2471886 6.2427683 4.962331 -0.38836083 -0.10952091 -0.7961025
44 5187 2.9542565 6.306685 4.74618 -0.5480339 0.08793278 -0.7506149
45 5306 -1.3156142 6.1508594 7.5552387 -1.0015848 0.18762287 -1.714105
46 5412 -4.2559495 8.930579 8.337512 -1.050822 -0.63695145 -0.17909162
47 5528 -4.689748 6.37165 5.8237896 0.06866684 -0.8701065 0.4920803
48 5648 -5.9357567 1.7670753 10.596913 -0.22998485 0.16528885 0.63127023
49 5749 -5.3337083 -2.801574 14.347364 -0.45275012 0.30719823 1.3373569
50 5864 -0.4020639 1.2484039 10.416538 -1.2552552 -1.36632 0.78723556
51 5984 3.0924194 6.0109005 7.967781 -0.41191977 0.69102484 -1.0375633
52 6099 4.1820035 3.3545241 8.0966625 -0.053887486 -0.46214056 -1.4700681
53 6220 6.7436266 2.3819966 8.773556 -0.7904317 0.17851534 -0.58072764
54 6369 6.9202595 3.458109 6.571335 -0.046690177 1.3403714 0.09920611
55 6477 -0.71251833 -4.3523493 7.656728 -1.342818 1.9410414 -1.7498277
56 6577 0.060174868 -10.005493 8.378377 -1.1836517 -1.5285105 -1.5748705
57 6677 0.11391312 -2.6716442 6.1607385 -1.066212 0.12011428 -1.108949
58 6820 -3.0144315 -16.458874 8.042625 -0.5937506 -4.190904 -0.07642074
59 6943 0.66312104 -11.027119 5.0998945 -0.9956006 -4.9337187 -0.14076385
60 7060 -8.120763 7.716304 6.07347 -7.582076 -2.964758 -2.8109326
61 7166 -1.161285 10.885064 4.867578 -5.019157 4.264177 -1.8818573
62 7278 4.368665 -5.6381755 9.206605 -3.532592 -0.5549137 -2.6856294
63 7395 4.0499783 2.2281165 8.044721 -0.5131577 -3.5743973 -0.07621212
64 7508 2.733316 2.6744883 10.017468 -1.2085892 0.97345924 0.08277349
65 7634 2.719844 7.9107494 7.721393 -0.6008502 1.1803917 -0.19501534
66 7769 2.5171654 5.675448 6.569239 -0.4939608 -0.8067969 -1.5926037
67 7902 1.4944922 4.52988 9.480236 0.3865476 -0.86992705 0.5017016
68 8046 -3.6786003 6.5493307 1.671574 0.11621679 0.09306006 -0.2948183
69 8173 -5.942642 5.9377027 7.0524344 -0.23286143 0.0939794 0.6842426
70 8322 -8.318352 6.369405 6.6618967 -0.46194935 0.23240271 0.8407221
71 8431 -4.12602 4.642895 7.078181 -1.6586046 -0.05570407 0.75287664
72 8528 -0.3318599 6.3743443 5.19839 -0.50825006 -0.29163343 0.15267476
73 8672 0.78496766 7.276069 5.451663 -0.39097777 -0.06548395 -1.81651
74 8788 -0.35356477 6.5895967 7.360793 -0.49799728 -0.47421783 -0.90756404
75 8927 -1.807641 7.0937486 6.3527894 -0.42803994 -0.14389372 0.5240472
76 9033 -0.96683943 7.7097178 5.7487955 -0.18200013 -0.37730056 0.18673721
77 9135 -1.0630893 7.8483295 5.2908974 -0.13473146 -0.21500082 -0.13262601
78 9278 -1.2635225 7.7112145 4.4468026 -0.32066292 -0.10124936 -0.75077975
79 9411 -0.9713301 7.484586 6.9671116 -0.3737476 -0.028848028 -0.613906
80 9514 0.907413 5.9555154 8.62222 -0.12525146 -0.25366443 -0.56411207
81 9627 0.7566765 5.965844 5.978268 0.6441763 -0.73618376 0.6781258
82 9770 -1.5810122 8.405621 2.040407 -0.5863434 0.34383622 0.6326335
83 9872 -1.4801221 8.02586 3.2754886 -0.6434024 0.3200943 -0.46929908
84 9969 -1.0355465 7.8872485 3.3458424 -0.2399581 -0.3317647 -0.6207065
85 10071 -1.2178674 8.204289 7.3016663 0.0056076646 -0.42280015 -0.6374199
86 10171 -1.9323317 8.378377 5.0980983 0.044477582 -0.093808845 0.03791561
87 10305 -1.1626323 6.7807493 6.5849566 -0.12706265 -0.07389641 -0.24131736
88 10458 -1.5000306 8.253536 6.5473847 -0.15200908 -0.012248993 0.15073495
89 10561 -0.9234297 7.214697 5.6645207 -0.16005626 -0.2832242 0.11924839
90 10671 -0.96324694 7.58353 5.212161 0.011715996 -0.20288953 -0.16998658
91 10800 -0.55145323 7.4765024 5.2702403 0.13298962 -0.10759254 -0.029746199
92 10915 -0.91265213 7.305708 5.1037865 -0.05028516 -0.24326196 -0.22258654
93 11060 -0.5869295 7.2777157 5.8077726 0.05003763 -0.17341046 -0.33690363
94 11171 0.56971526 6.360274 7.8655434 -0.15526375 0.14143252 -0.27641726
95 11276 1.9426602 6.028264 5.5886283 -0.062249172 -0.44644523 -0.38013774
96 11371 1.0322534 6.9178643 5.9793158 0.031769287 -0.3565317 -0.28298497
97 11502 -0.13052857 7.1697903 6.9783382 -0.0077877743 0.0070644855 -0.049122714
98 11625 -0.3983217 7.146738 6.5493307 0.004196799 -0.19315267 -0.26930156
99 11741 -0.57944506 7.544611 6.0746675 -0.03874563 -0.11838903 -0.27909794
100 11879 -0.7342232 7.639813 6.6090565 0.02326719 -0.2670757 -0.30765024
101 11989 -0.7113208 7.5256004 6.4491887 0.0067971586 -0.12555094 0.037437916